T	den	cp	lambda	h
300	0.129678436	28.85621819	0.185819133	7.97993692
301	0.129247853	28.86311564	0.186298574	8.008796596
302	0.128820121	28.86990404	0.186778084	8.037663115
303	0.128395213	28.87658483	0.187257663	8.066536368
304	0.1279731	28.88315943	0.187737311	8.095416249
305	0.127553754	28.88962925	0.188217027	8.124302652
306	0.12713715	28.89599568	0.188696813	8.153195473
307	0.126723259	28.90226012	0.189176667	8.182094609
308	0.126312056	28.90842393	0.189656591	8.21099996
309	0.125903514	28.91448847	0.190136583	8.239911424
310	0.125497608	28.92045508	0.190616643	8.268828904
311	0.125094311	28.92632509	0.191076904	8.297752302
312	0.1246936	28.93209981	0.191537231	8.326681522
313	0.124295449	28.93778056	0.191997624	8.35561647
314	0.123899834	28.94336861	0.192458083	8.384557053
315	0.12350673	28.94886526	0.192918608	8.413503177
316	0.123116114	28.95427175	0.193379198	8.442454753
317	0.122727962	28.95958935	0.193839854	8.471411691
318	0.122342251	28.96481929	0.194300576	8.500373903
319	0.121958958	28.96996279	0.194761364	8.529341301
320	0.121578061	28.97502108	0.195222217	8.5583138
321	0.121199536	28.97999534	0.195732844	8.587291315
322	0.120823362	28.98488678	0.196243544	8.616273763
323	0.120449517	28.98969655	0.196754316	8.645261061
324	0.120077979	28.99442584	0.197265162	8.674253129
325	0.119708728	28.99907579	0.197776079	8.703249886
326	0.119341741	29.00364753	0.19828707	8.732251255
327	0.118976999	29.0081422	0.198798133	8.761257156
328	0.11861448	29.01256092	0.199309269	8.790267514
329	0.118254165	29.01690477	0.199820477	8.819282253
330	0.117896033	29.02117487	0.200331758	8.848301299
331	0.117540065	29.02537228	0.200833164	8.877324578
332	0.11718624	29.02949807	0.201334641	8.906352019
333	0.116834541	29.03355331	0.201836189	8.935383551
334	0.116484947	29.03753903	0.202337809	8.964419103
335	0.116137439	29.04145627	0.202839499	8.993458606
336	0.115792	29.04530606	0.203341261	9.022501993
337	0.115448611	29.0490894	0.203843093	9.051549196
338	0.115107253	29.0528073	0.204344997	9.08060015
339	0.114767908	29.05646074	0.204846971	9.109654789
340	0.114430559	29.0600507	0.205349016	9.13871305
341	0.114095189	29.06357816	0.205851131	9.16777487
342	0.113761779	29.06704406	0.206353317	9.196840186
343	0.113430313	29.07044935	0.206855574	9.225908938
344	0.113100774	29.07379497	0.207357902	9.254981065
345	0.112773144	29.07708185	0.207860301	9.284056508
346	0.112447408	29.08031089	0.20836277	9.313135209
347	0.112123549	29.083483	0.208865311	9.342217111
348	0.111801551	29.08659908	0.209367922	9.371302156
349	0.111481398	29.08966	0.209870604	9.400390291
350	0.111163073	29.09266665	0.210373358	9.429481458
351	0.110846563	29.09561987	0.21086622	9.458575606
352	0.11053185	29.09852054	0.211359151	9.487672681
353	0.110218919	29.10136948	0.211852153	9.51677263
354	0.109907756	29.10416754	0.212345223	9.545875403
355	0.109598346	29.10691553	0.212838363	9.574980948
356	0.109290674	29.10961428	0.213331572	9.604089217
357	0.108984725	29.11226458	0.21382485	9.633200161
358	0.108680484	29.11486723	0.214318198	9.662313731
359	0.108377938	29.11742301	0.214811615	9.69142988
360	0.108077073	29.11993271	0.215305102	9.720548561
361	0.107777874	29.12239708	0.215768747	9.74966973
362	0.107480327	29.12481689	0.216232457	9.778793341
363	0.10718442	29.12719288	0.216696232	9.807919349
364	0.106890137	29.1295258	0.217160072	9.837047712
365	0.106597467	29.13181637	0.217623978	9.866178387
366	0.106306396	29.13406531	0.218087948	9.895311331
367	0.106016911	29.13627334	0.218551983	9.924446503
368	0.105728998	29.13844116	0.219016083	9.953583864
369	0.105442646	29.14056947	0.219480248	9.982723373
370	0.10515784	29.14265895	0.219944478	10.01186499
371	0.10487457	29.14471029	0.220428726	10.04100868
372	0.104592822	29.14672414	0.220913042	10.0701544
373	0.104312585	29.14870118	0.221397425	10.09930211
374	0.104033846	29.15064206	0.221881876	10.12845179
375	0.103756592	29.15254742	0.222366395	10.15760339
376	0.103480814	29.15441789	0.222850981	10.18675687
377	0.103206497	29.15625411	0.223335635	10.21591221
378	0.102933632	29.1580567	0.223820357	10.24506937
379	0.102662206	29.15982627	0.224305147	10.27422831
380	0.102392209	29.16156343	0.224790004	10.30338901
381	0.102123628	29.16326877	0.225254961	10.33255143
382	0.101856453	29.16494288	0.225719984	10.36171554
383	0.101590673	29.16658635	0.226185071	10.3908813
384	0.101326276	29.16819974	0.226650223	10.4200487
385	0.101063253	29.16978364	0.22711544	10.44921769
386	0.100801592	29.17133859	0.227580722	10.47838826
387	0.100541282	29.17286515	0.228046068	10.50756036
388	0.100282315	29.17436386	0.228511479	10.53673398
389	0.100024678	29.17583527	0.228976955	10.56590908
390	0.099768362	29.1772799	0.229442496	10.59508564
391	0.099513356	29.17869828	0.229908101	10.62426363
392	0.099259652	29.18009092	0.230373771	10.65344303
393	0.099007237	29.18145834	0.230839506	10.68262381
394	0.098756104	29.18280104	0.231305305	10.71180594
395	0.098506242	29.18411951	0.231771169	10.7409894
396	0.098257642	29.18541424	0.232237098	10.77017417
397	0.098010293	29.18668572	0.232703091	10.79936022
398	0.097764187	29.18793443	0.233169149	10.82854753
399	0.097519314	29.18916083	0.233635272	10.85773608
400	0.097275665	29.19036539	0.23410146	10.88692585
401	0.097033231	29.19154856	0.234517721	10.9161168
402	0.096792003	29.19271081	0.23493404	10.94530894
403	0.096551971	29.19385256	0.235350417	10.97450222
404	0.096313127	29.19497427	0.235766851	11.00369663
405	0.096075463	29.19607636	0.236183343	11.03289216
406	0.095838968	29.19715926	0.236599892	11.06208878
407	0.095603636	29.1982234	0.237016499	11.09128647
408	0.095369456	29.19926918	0.237433163	11.12048522
409	0.095136422	29.20029702	0.237849885	11.14968501
410	0.094904523	29.20130731	0.238266664	11.17888581
411	0.094673753	29.20230047	0.238733527	11.20808762
412	0.094444102	29.20327688	0.239200454	11.23729041
413	0.094215564	29.20423692	0.239667445	11.26649416
414	0.093988129	29.20518098	0.240134501	11.29569887
415	0.093761789	29.20610943	0.240601622	11.32490452
416	0.093536538	29.20702265	0.241068807	11.35411109
417	0.093312366	29.20792099	0.241536056	11.38331856
418	0.093089266	29.20880483	0.24200337	11.41252692
419	0.092867231	29.2096745	0.242470749	11.44173617
420	0.092646253	29.21053037	0.242938192	11.47094627
421	0.092426325	29.21137278	0.243405699	11.50015722
422	0.092207438	29.21220206	0.243873271	11.52936901
423	0.091989586	29.21301856	0.244340908	11.55858162
424	0.091772761	29.21382259	0.244808609	11.58779504
425	0.091556956	29.21461449	0.245276374	11.61700926
426	0.091342164	29.21539457	0.245744204	11.64622427
427	0.091128377	29.21616315	0.246212098	11.67544005
428	0.090915589	29.21692054	0.246680057	11.70465659
429	0.090703793	29.21766705	0.24714808	11.73387389
430	0.090492982	29.21840298	0.247616167	11.76309192
431	0.090283148	29.21912862	0.248084319	11.79231069
432	0.090074285	29.21984427	0.248552536	11.82153018
433	0.089866387	29.22055021	0.249020816	11.85075037
434	0.089659447	29.22124672	0.249489162	11.87997127
435	0.089453457	29.2219341	0.249957571	11.90919286
436	0.089248413	29.22261261	0.250426045	11.93841514
437	0.089044306	29.22328252	0.250894583	11.96763809
438	0.088841131	29.2239441	0.251363186	11.9968617
439	0.088638881	29.22459761	0.251831853	12.02608597
440	0.08843755	29.22524331	0.252300584	12.05531089
441	0.088237131	29.22588146	0.25276938	12.08453646
442	0.08803762	29.22651231	0.25323824	12.11376265
443	0.087839008	29.2271361	0.253707165	12.14298948
444	0.087641291	29.22775307	0.254176153	12.17221692
445	0.087444463	29.22836347	0.254645207	12.20144498
446	0.087248516	29.22896753	0.255114324	12.23067365
447	0.087053446	29.22956548	0.255583506	12.25990292
448	0.086859247	29.23015755	0.256052752	12.28913278
449	0.086665912	29.23074396	0.256522062	12.31836323
450	0.086473436	29.23132494	0.256991437	12.34759426
451	0.086281813	29.23190071	0.257460876	12.37682588
452	0.086091038	29.23247147	0.257930379	12.40605806
453	0.085901104	29.23303744	0.258399947	12.43529082
454	0.085712008	29.23359882	0.258869579	12.46452414
455	0.085523742	29.23415582	0.259339275	12.49375801
456	0.085336301	29.23470864	0.259809035	12.52299245
457	0.08514968	29.23525747	0.26027886	12.55222743
458	0.084963874	29.23580252	0.260748749	12.58146296
459	0.084778878	29.23634396	0.261218702	12.61069903
460	0.084594685	29.236882	0.26168872	12.63993565
461	0.084411291	29.23741681	0.262158801	12.6691728
462	0.084228691	29.23794857	0.262628947	12.69841048
463	0.084046879	29.23847747	0.263099158	12.72764869
464	0.08386585	29.23900368	0.263569432	12.75688743
465	0.0836856	29.23952737	0.264039771	12.7861267
466	0.083506123	29.24004872	0.264510174	12.81536649
467	0.083327414	29.24056788	0.264980641	12.8446068
468	0.083149469	29.24108503	0.265451172	12.87384762
469	0.082972282	29.24160033	0.265921768	12.90308897
470	0.082795849	29.24211393	0.266392427	12.93233082
471	0.082620165	29.24262599	0.266863151	12.96157319
472	0.082445225	29.24313667	0.26733394	12.99081607
473	0.082271025	29.24364611	0.267804792	13.02005947
474	0.082097559	29.24415447	0.268275709	13.04930337
475	0.081924823	29.24466189	0.268746689	13.07854777
476	0.081752813	29.24516851	0.269217734	13.10779269
477	0.081581523	29.24567448	0.269688843	13.13703811
478	0.08141095	29.24617993	0.270160017	13.16628404
479	0.081241089	29.246685	0.270631254	13.19553047
480	0.081071936	29.24718982	0.271102556	13.22477741
481	0.080903485	29.24769453	0.271573922	13.25402485
482	0.080735733	29.24819926	0.272045352	13.2832728
483	0.080568676	29.24870412	0.272516846	13.31252125
484	0.080402308	29.24920925	0.272988404	13.34177021
485	0.080236626	29.24971477	0.273460027	13.37101967
486	0.080071626	29.2502208	0.273931713	13.40026964
487	0.079907303	29.25072746	0.274403464	13.42952011
488	0.079743654	29.25123486	0.274875279	13.45877109
489	0.079580673	29.25174311	0.275347158	13.48802258
490	0.079418357	29.25225234	0.275819101	13.51727458
491	0.079256703	29.25276265	0.276291108	13.54652708
492	0.079095705	29.25327414	0.276763179	13.5757801
493	0.078935359	29.25378693	0.277235315	13.60503363
494	0.078775663	29.25430112	0.277707514	13.63428768
495	0.078616612	29.2548168	0.278179778	13.66354224
496	0.078458202	29.25533409	0.278652106	13.69279731
497	0.078300429	29.25585308	0.279124498	13.7220529
498	0.078143289	29.25637387	0.279596954	13.75130902
499	0.077986779	29.25689655	0.280069474	13.78056565
500	0.077830895	29.25742121	0.280542058	13.80982281
501	0.077675633	29.25794795	0.281014706	13.8390805
502	0.077520989	29.25847686	0.281487419	13.86833871
503	0.07736696	29.25900803	0.281960195	13.89759745
504	0.077213541	29.25954153	0.282433036	13.92685673
505	0.07706073	29.26007747	0.28290594	13.95611653
506	0.076908523	29.26061591	0.283378909	13.98537688
507	0.076756916	29.26115695	0.283851942	14.01463777
508	0.076605906	29.26170066	0.284325039	14.0438992
509	0.076455488	29.26224712	0.284798199	14.07316117
510	0.076305661	29.26279642	0.285271424	14.10242369
511	0.076156419	29.26334862	0.285744713	14.13168676
512	0.07600776	29.26390379	0.286218066	14.16095039
513	0.075859681	29.26446202	0.286691484	14.19021457
514	0.075712177	29.26502338	0.287164965	14.21947931
515	0.075565247	29.26558793	0.28763851	14.24874462
516	0.075418885	29.26615575	0.288112119	14.27801049
517	0.075273089	29.26672689	0.288585792	14.30727693
518	0.075127856	29.26730143	0.28905953	14.33654395
519	0.074983182	29.26787944	0.289533331	14.36581154
520	0.074839065	29.26846097	0.290007196	14.39507971
521	0.074695501	29.2690461	0.290481126	14.42434846
522	0.074552486	29.26963487	0.290955119	14.4536178
523	0.074410018	29.27022735	0.291429177	14.48288773
524	0.074268094	29.27082361	0.291903298	14.51215826
525	0.07412671	29.27142369	0.292377484	14.54142938
526	0.073985863	29.27202765	0.292851733	14.5707011
527	0.073845551	29.27263555	0.293326047	14.59997344
528	0.07370577	29.27324745	0.293800424	14.62924638
529	0.073566517	29.27386339	0.294274866	14.65851993
530	0.07342779	29.27448344	0.294749371	14.6877941
531	0.073289584	29.27510763	0.295223941	14.7170689
532	0.073151898	29.27573602	0.295698574	14.74634432
533	0.073014729	29.27636866	0.296173272	14.77562037
534	0.072878073	29.2770056	0.296648033	14.80489706
535	0.072741928	29.27764689	0.297122859	14.83417439
536	0.07260629	29.27829256	0.297597748	14.86345236
537	0.072471158	29.27894268	0.298072702	14.89273097
538	0.072336527	29.27959727	0.298547719	14.92201024
539	0.072202396	29.28025638	0.2990228	14.95129017
540	0.072068762	29.28092007	0.299497946	14.98057076
541	0.071935621	29.28158836	0.299973155	15.00985201
542	0.071802971	29.28226129	0.300448428	15.03913393
543	0.07167081	29.28293892	0.300923766	15.06841653
544	0.071539135	29.28362128	0.301399167	15.09769981
545	0.071407942	29.2843084	0.301874632	15.12698378
546	0.07127723	29.28500032	0.302350161	15.15626843
547	0.071146996	29.28569708	0.302825754	15.18555378
548	0.071017236	29.28639872	0.303301412	15.21483983
549	0.070887949	29.28710527	0.303777133	15.24412658
550	0.070759132	29.28781676	0.304252918	15.27341404
551	0.070630783	29.28853324	0.304728766	15.30270222
552	0.070502898	29.28925472	0.305204679	15.33199111
553	0.070375476	29.28998125	0.305680656	15.36128073
554	0.070248513	29.29071286	0.306156697	15.39057107
555	0.070122008	29.29144957	0.306632802	15.41986215
556	0.069995958	29.29219141	0.30710897	15.44915397
557	0.06987036	29.29293842	0.307585203	15.47844654
558	0.069745212	29.29369063	0.308061499	15.50773985
559	0.069620511	29.29444806	0.30853786	15.53703392
560	0.069496256	29.29521074	0.309014284	15.56632875
561	0.069372444	29.29597869	0.309490773	15.59562434
562	0.069249072	29.29675195	0.309967325	15.62492071
563	0.069126138	29.29753054	0.310443941	15.65421785
564	0.069003639	29.29831448	0.310920621	15.68351577
565	0.068881575	29.29910381	0.311397365	15.71281448
566	0.068759941	29.29989853	0.311874173	15.74211398
567	0.068638736	29.30069868	0.312351045	15.77141428
568	0.068517958	29.30150429	0.31282798	15.80071538
569	0.068397604	29.30231536	0.31330498	15.83001729
570	0.068277672	29.30313193	0.313782044	15.85932001
571	0.068158161	29.30395401	0.314259171	15.88862356
572	0.068039067	29.30478163	0.314736362	15.91792792
573	0.067920388	29.30561481	0.315213618	15.94723312
574	0.067802123	29.30645357	0.315690937	15.97653915
575	0.067684269	29.30729792	0.31616832	16.00584603
576	0.067566824	29.30814789	0.316645767	16.03515375
577	0.067449785	29.30900349	0.317123277	16.06446233
578	0.067333152	29.30986474	0.317600852	16.09377176
579	0.067216921	29.31073167	0.318078491	16.12308206
580	0.067101091	29.31160428	0.318556193	16.15239323
581	0.06698566	29.3124826	0.31903396	16.18170527
582	0.066870625	29.31336664	0.31951179	16.21101819
583	0.066755985	29.31425642	0.319989684	16.240332
584	0.066641737	29.31515195	0.320467642	16.26964671
585	0.066527879	29.31605325	0.320945664	16.29896231
586	0.06641441	29.31696034	0.32142375	16.32827882
587	0.066301327	29.31787322	0.321901899	16.35759623
588	0.066188629	29.31879192	0.322380113	16.38691457
589	0.066076313	29.31971644	0.32285839	16.41623382
590	0.065964378	29.3206468	0.323336732	16.445554
591	0.065852821	29.32158302	0.323815137	16.47487511
592	0.065741641	29.32252511	0.324293606	16.50419717
593	0.065630836	29.32347307	0.324772139	16.53352017
594	0.065520404	29.32442693	0.325250735	16.56284412
595	0.065410343	29.32538669	0.325729396	16.59216902
596	0.065300651	29.32635237	0.32620812	16.62149489
597	0.065191327	29.32732397	0.326686909	16.65082173
598	0.065082368	29.32830151	0.327165761	16.68014954
599	0.064973772	29.329285	0.327644677	16.70947833
600	0.064865539	29.33027446	0.328123657	16.73880811
601	0.064757665	29.33126988	0.3286027	16.76813889
602	0.06465015	29.33227128	0.329081808	16.79747066
603	0.064542991	29.33327867	0.329560979	16.82680343
604	0.064436187	29.33429207	0.330040215	16.85613721
605	0.064329736	29.33531147	0.330519514	16.88547202
606	0.064223635	29.33633689	0.330998877	16.91480784
607	0.064117885	29.33736834	0.331478303	16.94414469
608	0.064012482	29.33840582	0.331957794	16.97348258
609	0.063907425	29.33944935	0.332437349	17.00282151
610	0.063802712	29.34049894	0.332916967	17.03216148
611	0.063698342	29.34155458	0.333396649	17.06150251
612	0.063594313	29.34261629	0.333876395	17.09084459
613	0.063490623	29.34368408	0.334356205	17.12018774
614	0.063387271	29.34475795	0.334836078	17.14953196
615	0.063284255	29.34583791	0.335316016	17.17887726
616	0.063181573	29.34692397	0.335796017	17.20822364
617	0.063079224	29.34801613	0.336276082	17.23757111
618	0.062977206	29.34911441	0.336756211	17.26691967
619	0.062875517	29.3502188	0.337236404	17.29626934
620	0.062774156	29.35132932	0.33771666	17.32562011
621	0.062673122	29.35244597	0.338196981	17.354972
622	0.062572412	29.35356875	0.338677365	17.38432501
623	0.062472025	29.35469768	0.339157813	17.41367914
624	0.06237196	29.35583275	0.339638325	17.4430344
625	0.062272216	29.35697397	0.3401189	17.47239081
626	0.062172789	29.35812136	0.34059954	17.50174835
627	0.06207368	29.35927491	0.341080243	17.53110705
628	0.061974886	29.36043463	0.34156101	17.56046691
629	0.061876406	29.36160052	0.342041841	17.58982792
630	0.061778239	29.36277259	0.342522736	17.61919011
631	0.061680383	29.36395084	0.343003694	17.64855347
632	0.061582836	29.36513528	0.343484717	17.67791801
633	0.061485597	29.36632591	0.343965803	17.70728374
634	0.061388665	29.36752274	0.344446953	17.73665067
635	0.061292038	29.36872577	0.344928166	17.76601879
636	0.061195715	29.36993501	0.345409444	17.79538812
637	0.061099694	29.37115045	0.345890785	17.82475866
638	0.061003974	29.3723721	0.34637219	17.85413042
639	0.060908554	29.37359998	0.346853659	17.88350341
640	0.060813431	29.37483407	0.347335192	17.91287762
641	0.060718606	29.37607438	0.347816788	17.94225308
642	0.060624075	29.37732093	0.348298449	17.97162978
643	0.060529839	29.3785737	0.348780173	18.00100772
644	0.060435895	29.3798327	0.349261961	18.03038693
645	0.060342242	29.38109794	0.349743812	18.05976739
646	0.060248879	29.38236943	0.350225728	18.08914912
647	0.060155804	29.38364715	0.350707707	18.11853213
648	0.060063017	29.38493112	0.35118975	18.14791642
649	0.059970515	29.38622134	0.351671857	18.177302
650	0.059878298	29.3875178	0.352154027	18.20668886
651	0.059786364	29.38882053	0.352636262	18.23607703
652	0.059694712	29.3901295	0.35311856	18.26546651
653	0.059603341	29.39144474	0.353600922	18.29485729
654	0.059512249	29.39276624	0.354083347	18.3242494
655	0.059421434	29.394094	0.354565837	18.35364283
656	0.059330897	29.39542802	0.35504839	18.38303759
657	0.059240635	29.39676832	0.355531007	18.41243369
658	0.059150648	29.39811488	0.356013688	18.44183113
659	0.059060933	29.39946772	0.356496432	18.47122992
660	0.05897149	29.40082683	0.356979241	18.50063007
661	0.058882318	29.40219222	0.357462113	18.53003157
662	0.058793415	29.40356388	0.357945048	18.55943445
663	0.05870478	29.40494182	0.358428048	18.5888387
664	0.058616412	29.40632605	0.358911111	18.61824434
665	0.058528309	29.40771656	0.359394239	18.64765136
666	0.058440471	29.40911335	0.359877429	18.67705977
667	0.058352897	29.41051643	0.360360684	18.70646959
668	0.058265584	29.4119258	0.360844003	18.73588081
669	0.058178532	29.41334146	0.361327385	18.76529344
670	0.05809174	29.4147634	0.361810831	18.79470749
671	0.058005207	29.41619165	0.36229434	18.82412297
672	0.057918931	29.41762618	0.362777914	18.85353988
673	0.057832911	29.41906701	0.363261551	18.88295822
674	0.057747147	29.42051414	0.363745252	18.91237801
675	0.057661636	29.42196756	0.364229017	18.94179925
676	0.057576379	29.42342729	0.364712845	18.97122195
677	0.057491373	29.42489331	0.365196737	19.00064611
678	0.057406618	29.42636564	0.365680693	19.03007174
679	0.057322112	29.42784427	0.366164713	19.05949884
680	0.057237855	29.4293292	0.366648797	19.08892743
681	0.057153845	29.43082043	0.367132944	19.11835751
682	0.057070082	29.43231798	0.367617155	19.14778907
683	0.056986563	29.43382182	0.36810143	19.17722214
684	0.056903289	29.43533198	0.368585768	19.20665672
685	0.056820258	29.43684844	0.36907017	19.23609281
686	0.056737468	29.43837122	0.369554636	19.26553042
687	0.05665492	29.4399003	0.370039166	19.29496955
688	0.056572611	29.44143569	0.370523759	19.32441022
689	0.056490542	29.4429774	0.371008416	19.35385243
690	0.05640871	29.44452541	0.371493137	19.38329618
691	0.056327115	29.44607974	0.371977922	19.41274148
692	0.056245755	29.44764039	0.37246277	19.44218834
693	0.056164631	29.44920735	0.372947682	19.47163676
694	0.05608374	29.45078062	0.373432658	19.50108676
695	0.056003081	29.45236021	0.373917698	19.53053833
696	0.055922655	29.45394611	0.374402801	19.55999148
697	0.055842459	29.45553833	0.374887968	19.58944622
698	0.055762492	29.45713687	0.375373199	19.61890256
699	0.055682755	29.45874173	0.375858494	19.6483605
700	0.055603245	29.4603529	0.376343852	19.67782004

