T	den	cp	lambda	h
350	1.545724774	29.21691067	0.029123005	10.17414715
351	1.541310643	29.21776694	0.029186215	10.20336449
352	1.536921726	29.21864402	0.029249366	10.2325827
353	1.532557807	29.21954199	0.029312458	10.26180179
354	1.528218672	29.22046093	0.029375492	10.29102179
355	1.52390411	29.22140093	0.029438469	10.32024272
356	1.519613912	29.22236205	0.029501388	10.3494646
357	1.515347872	29.22334437	0.029564251	10.37868745
358	1.511105786	29.22434798	0.029627058	10.40791129
359	1.506887451	29.22537295	0.029689808	10.43713615
360	1.502692669	29.22641935	0.029752504	10.46636204
361	1.498521242	29.22748726	0.029815144	10.495589
362	1.494372975	29.22857676	0.02987773	10.52481703
363	1.490247674	29.22968791	0.029940262	10.55404616
364	1.48614515	29.23082079	0.030002741	10.58327641
365	1.482065213	29.23197548	0.030065166	10.61250781
366	1.478007677	29.23315203	0.030127538	10.64174037
367	1.473972357	29.23435054	0.030189859	10.67097412
368	1.469959071	29.23557105	0.030252127	10.70020908
369	1.465967639	29.23681365	0.030314344	10.72944527
370	1.461997881	29.23807839	0.030376509	10.75868271
371	1.458049621	29.23936536	0.030438624	10.78792143
372	1.454122685	29.2406746	0.030500689	10.81716145
373	1.4502169	29.2420062	0.030562704	10.84640279
374	1.446332095	29.24336021	0.03062467	10.87564547
375	1.4424681	29.24473669	0.030686587	10.90488951
376	1.438624749	29.24613571	0.030748455	10.93413495
377	1.434801876	29.24755733	0.030810275	10.96338179
378	1.430999318	29.24900161	0.030872047	10.99263007
379	1.427216912	29.25046861	0.030933772	11.0218798
380	1.423454498	29.25195839	0.03099545	11.05113102
381	1.419711918	29.25347099	0.031057081	11.08038373
382	1.415989015	29.25500649	0.031118667	11.10963797
383	1.412285633	29.25656493	0.031180206	11.13889375
384	1.40860162	29.25814637	0.0312417	11.1681511
385	1.404936823	29.25975086	0.031303149	11.19741005
386	1.401291091	29.26137846	0.031364554	11.22667061
387	1.397664277	29.2630292	0.031425914	11.25593281
388	1.394056233	29.26470315	0.031487231	11.28519668
389	1.390466812	29.26640035	0.031548504	11.31446223
390	1.386895872	29.26812085	0.031609734	11.34372949
391	1.383343268	29.26986468	0.031670922	11.37299848
392	1.379808861	29.27163191	0.031732067	11.40226922
393	1.376292509	29.27342256	0.03179317	11.43154175
394	1.372794076	29.27523669	0.031854232	11.46081608
395	1.369313423	29.27707433	0.031915252	11.49009223
396	1.365850416	29.27893552	0.031976232	11.51937023
397	1.36240492	29.28082031	0.032037171	11.54865011
398	1.358976802	29.28272872	0.03209807	11.57793188
399	1.35556593	29.2846608	0.032158929	11.60721558
400	1.352172176	29.28661658	0.032219749	11.63650121
401	1.348795409	29.28859609	0.03228053	11.66578882
402	1.345435503	29.29059936	0.032341273	11.69507841
403	1.342092331	29.29262643	0.032401977	11.72437002
404	1.338765767	29.29467733	0.032462643	11.75366367
405	1.335455689	29.29675208	0.032523271	11.78295939
406	1.332161974	29.29885071	0.032583863	11.81225718
407	1.3288845	29.30097325	0.032644417	11.84155709
408	1.325623148	29.30311972	0.032704935	11.87085914
409	1.322377798	29.30529014	0.032765416	11.90016334
410	1.319148332	29.30748454	0.032825862	11.92946973
411	1.315934635	29.30970293	0.032886272	11.95877832
412	1.31273659	29.31194535	0.032946646	11.98808914
413	1.309554084	29.3142118	0.033006986	12.01740222
414	1.306387002	29.3165023	0.033067292	12.04671757
415	1.303235234	29.31881686	0.033127563	12.07603523
416	1.300098667	29.32115551	0.0331878	12.10535521
417	1.296977192	29.32351825	0.033248003	12.13467755
418	1.2938707	29.3259051	0.033308173	12.16400226
419	1.290779083	29.32831607	0.03336831	12.19332937
420	1.287702235	29.33075116	0.033428415	12.2226589
421	1.284640049	29.33321038	0.033488487	12.25199088
422	1.281592421	29.33569374	0.033548527	12.28132533
423	1.278559246	29.33820125	0.033608535	12.31066227
424	1.275540423	29.34073291	0.033668512	12.34000174
425	1.27253585	29.34328872	0.033728457	12.36934375
426	1.269545424	29.34586868	0.033788372	12.39868832
427	1.266569048	29.3484728	0.033848257	12.42803549
428	1.26360662	29.35110107	0.033908111	12.45738528
429	1.260658045	29.35375348	0.033967935	12.4867377
430	1.257723224	29.35643005	0.034027729	12.51609279
431	1.254802061	29.35913076	0.034087494	12.54545057
432	1.25189446	29.3618556	0.03414723	12.57481106
433	1.249000329	29.36460457	0.034206937	12.60417429
434	1.246119572	29.36737766	0.034266615	12.63354028
435	1.243252097	29.37017486	0.034326266	12.66290905
436	1.240397813	29.37299616	0.034385888	12.69228064
437	1.237556628	29.37584154	0.034445482	12.72165505
438	1.234728453	29.378711	0.034505049	12.75103233
439	1.231913197	29.38160451	0.034564589	12.78041248
440	1.229110773	29.38452207	0.034624102	12.80979555
441	1.226321093	29.38746365	0.034683589	12.83918154
442	1.223544069	29.39042924	0.034743049	12.86857048
443	1.220779616	29.39341882	0.034802483	12.8979624
444	1.218027649	29.39643236	0.034861891	12.92735733
445	1.215288082	29.39946985	0.034921273	12.95675528
446	1.212560832	29.40253126	0.03498063	12.98615627
447	1.209845817	29.40561657	0.035039962	13.01556035
448	1.207142953	29.40872575	0.035099269	13.04496752
449	1.204452159	29.41185877	0.035158552	13.07437781
450	1.201773355	29.41501561	0.03521781	13.10379124
451	1.19910646	29.41819625	0.035277044	13.13320784
452	1.196451395	29.42140064	0.035336254	13.16262764
453	1.193808081	29.42462876	0.035395441	13.19205065
454	1.19117644	29.42788057	0.035454604	13.22147691
455	1.188556395	29.43115605	0.035513744	13.25090642
456	1.18594787	29.43445516	0.035572861	13.28033923
457	1.183350788	29.43777786	0.035631955	13.30977534
458	1.180765073	29.44112412	0.035691027	13.33921479
459	1.178190653	29.4444939	0.035750077	13.3686576
460	1.175627452	29.44788715	0.035809104	13.39810379
461	1.173075397	29.45130385	0.03586811	13.42755338
462	1.170534415	29.45474395	0.035927094	13.4570064
463	1.168004436	29.45820741	0.035986057	13.48646288
464	1.165485386	29.46169418	0.036044998	13.51592282
465	1.162977195	29.46520423	0.036103919	13.54538627
466	1.160479794	29.4687375	0.036162819	13.57485324
467	1.157993112	29.47229396	0.036221698	13.60432375
468	1.15551708	29.47587355	0.036280557	13.63379784
469	1.153051631	29.47947623	0.036339396	13.66327551
470	1.150596696	29.48310194	0.036398215	13.6927568
471	1.148152208	29.48675065	0.036457014	13.72224172
472	1.145718101	29.49042229	0.036515794	13.7517303
473	1.143294308	29.49411682	0.036574554	13.78122257
474	1.140880764	29.49783418	0.036633295	13.81071855
475	1.138477403	29.50157433	0.036692017	13.84021825
476	1.136084162	29.5053372	0.036750721	13.8697217
477	1.133700977	29.50912274	0.036809405	13.89922893
478	1.131327784	29.5129309	0.036868072	13.92873996
479	1.12896452	29.51676162	0.03692672	13.9582548
480	1.126611123	29.52061483	0.03698535	13.98777349
481	1.124267532	29.52449049	0.037043963	14.01729604
482	1.121933684	29.52838853	0.037102557	14.04682247
483	1.11960952	29.5323089	0.037161134	14.07635282
484	1.117294979	29.53625152	0.037219694	14.1058871
485	1.114990002	29.54021634	0.037278237	14.13542533
486	1.112694529	29.5442033	0.037336762	14.16496754
487	1.110408501	29.54821233	0.037395271	14.19451375
488	1.10813186	29.55224337	0.037453763	14.22406397
489	1.105864548	29.55629635	0.037512239	14.25361824
490	1.103606509	29.5603712	0.037570698	14.28317657
491	1.101357684	29.56446787	0.037629141	14.31273899
492	1.099118019	29.56858628	0.037687568	14.34230551
493	1.096887456	29.57272636	0.037745979	14.37187617
494	1.094665941	29.57688805	0.037804375	14.40145097
495	1.092453418	29.58107127	0.037862755	14.43102995
496	1.090249833	29.58527596	0.037921119	14.46061312
497	1.088055131	29.58950204	0.037979469	14.49020051
498	1.08586926	29.59374944	0.038037803	14.51979214
499	1.083692165	29.59801809	0.038096122	14.54938802
500	1.081523794	29.60230792	0.038154426	14.57898818
501	1.079364095	29.60661885	0.038212715	14.60859264
502	1.077213015	29.61095081	0.03827099	14.63820142
503	1.075070503	29.61530372	0.038329251	14.66781455
504	1.072936508	29.6196775	0.038387497	14.69743204
505	1.070810979	29.62407209	0.038445729	14.72705391
506	1.068693865	29.6284874	0.038503947	14.75668019
507	1.066585118	29.63292336	0.038562152	14.78631089
508	1.064484686	29.63737988	0.038620342	14.81594604
509	1.062392521	29.64185689	0.038678519	14.84558566
510	1.060308575	29.64635432	0.038736682	14.87522976
511	1.058232798	29.65087207	0.038794832	14.90487837
512	1.056165144	29.65541007	0.038852968	14.93453151
513	1.054105563	29.65996824	0.038911092	14.9641892
514	1.052054009	29.6645465	0.038969202	14.99385146
515	1.050010435	29.66914476	0.0390273	15.0235183
516	1.047974795	29.67376294	0.039085384	15.05318975
517	1.045947042	29.67840097	0.039143456	15.08286583
518	1.043927131	29.68305874	0.039201515	15.11254656
519	1.041915015	29.68773619	0.039259562	15.14223196
520	1.039910651	29.69243323	0.039317597	15.17192204
521	1.037913992	29.69714977	0.039375619	15.20161683
522	1.035924996	29.70188572	0.039433629	15.23131635
523	1.033943617	29.706641	0.039491627	15.26102061
524	1.031969812	29.71141553	0.039549613	15.29072964
525	1.030003537	29.71620922	0.039607587	15.32044345
526	1.02804475	29.72102197	0.03966555	15.35016206
527	1.026093408	29.72585371	0.0397235	15.3798855
528	1.024149468	29.73070434	0.039781439	15.40961377
529	1.022212888	29.73557378	0.039839367	15.43934691
530	1.020283627	29.74046194	0.039897283	15.46908493
531	1.018361643	29.74536872	0.039955188	15.49882784
532	1.016446894	29.75029404	0.040013082	15.52857567
533	1.014539341	29.75523781	0.040070965	15.55832844
534	1.012638942	29.76019994	0.040128837	15.58808615
535	1.010745657	29.76518034	0.040186697	15.61784884
536	1.008859446	29.77017891	0.040244547	15.64761652
537	1.00698027	29.77519557	0.040302386	15.67738921
538	1.00510809	29.78023022	0.040360215	15.70716692
539	1.003242866	29.78528278	0.040418032	15.73694967
540	1.001384559	29.79035314	0.04047584	15.76673749
541	0.999533132	29.79544123	0.040533636	15.79653038
542	0.997688545	29.80054693	0.040591423	15.82632838
543	0.995850762	29.80567017	0.040649199	15.85613148
544	0.994019744	29.81081085	0.040706964	15.88593972
545	0.992195454	29.81596887	0.04076472	15.91575311
546	0.990377856	29.82114415	0.040822465	15.94557167
547	0.988566911	29.82633658	0.040880201	15.97539541
548	0.986762584	29.83154607	0.040937926	16.00522435
549	0.984964839	29.83677254	0.040995642	16.0350585
550	0.983173639	29.84201587	0.041053348	16.0648979
551	0.981388949	29.84727599	0.041111044	16.09474254
552	0.979610734	29.85255279	0.04116873	16.12459245
553	0.977838957	29.85784617	0.041226406	16.15444765
554	0.976073585	29.86315606	0.041284073	16.18430815
555	0.974314582	29.86848233	0.041341731	16.21417397
556	0.972561914	29.87382491	0.041399379	16.24404512
557	0.970815547	29.8791837	0.041457017	16.27392162
558	0.969075447	29.8845586	0.041514646	16.30380349
559	0.96734158	29.8899495	0.041572266	16.33369075
560	0.965613912	29.89535633	0.041629877	16.3635834
561	0.963892411	29.90077897	0.041687478	16.39348146
562	0.962177044	29.90621734	0.04174507	16.42338496
563	0.960467777	29.91167134	0.041802653	16.4532939
564	0.958764578	29.91714086	0.041860227	16.48320831
565	0.957067416	29.92262582	0.041917792	16.51312819
566	0.955376257	29.92812612	0.041975348	16.54305357
567	0.95369107	29.93364165	0.042032895	16.57298445
568	0.952011824	29.93917232	0.042090433	16.60292085
569	0.950338486	29.94471804	0.042147962	16.6328628
570	0.948671026	29.9502787	0.042205483	16.6628103
571	0.947009413	29.95585421	0.042262995	16.69276336
572	0.945353617	29.96144447	0.042320498	16.72272201
573	0.943703606	29.96704939	0.042377992	16.75268625
574	0.94205935	29.97266886	0.042435477	16.78265611
575	0.940420819	29.97830279	0.042492954	16.8126316
576	0.938787984	29.98395108	0.042550423	16.84261272
577	0.937160815	29.98961364	0.042607883	16.8725995
578	0.935539281	29.99529035	0.042665334	16.90259195
579	0.933923355	30.00098114	0.042722777	16.93259009
580	0.932313007	30.00668589	0.042780211	16.96259392
581	0.930708207	30.01240452	0.042837637	16.99260347
582	0.929108928	30.01813692	0.042895055	17.02261874
583	0.927515141	30.02388299	0.042952464	17.05263974
584	0.925926817	30.02964264	0.043009865	17.08266651
585	0.924343929	30.03541577	0.043067257	17.11269903
586	0.922766449	30.04120229	0.043124641	17.14273734
587	0.921194348	30.04700208	0.043182017	17.17278144
588	0.9196276	30.05281507	0.043239385	17.20283135
589	0.918066178	30.05864114	0.043296744	17.23288708
590	0.916510053	30.06448021	0.043354096	17.26294864
591	0.914959199	30.07033217	0.043411439	17.29301604
592	0.91341359	30.07619692	0.043468774	17.32308931
593	0.911873198	30.08207438	0.0435261	17.35316844
594	0.910337998	30.08796443	0.043583419	17.38325346
595	0.908807963	30.09386699	0.043640729	17.41334437
596	0.907283066	30.09978196	0.043698032	17.4434412
597	0.905763284	30.10570924	0.043755326	17.47354394
598	0.904248588	30.11164873	0.043812613	17.50365262
599	0.902738955	30.11760033	0.043869891	17.53376724
600	0.901234358	30.12356396	0.043927161	17.56388782
601	0.899734772	30.1295395	0.043984423	17.59401437
602	0.898240173	30.13552687	0.044041677	17.62414691
603	0.896750536	30.14152598	0.044098924	17.65428543
604	0.895265835	30.14753671	0.044156162	17.68442996
605	0.893786046	30.15355898	0.044213392	17.71458051
606	0.892311146	30.15959269	0.044270614	17.74473708
607	0.890841109	30.16563774	0.044327829	17.7748997
608	0.889375912	30.17169404	0.044385035	17.80506836
609	0.887915531	30.17776149	0.044442233	17.83524309
610	0.886459942	30.18384	0.044499424	17.86542389
611	0.885009122	30.18992947	0.044556606	17.89561077
612	0.883563047	30.19602981	0.044613781	17.92580375
613	0.882121693	30.20214092	0.044670948	17.95600284
614	0.880685039	30.2082627	0.044728106	17.98620804
615	0.87925306	30.21439506	0.044785257	18.01641937
616	0.877825734	30.22053791	0.0448424	18.04663683
617	0.876403038	30.22669115	0.044899535	18.07686045
618	0.874984951	30.23285468	0.044956662	18.10709022
619	0.873571448	30.23902842	0.045013781	18.13732616
620	0.872162509	30.24521226	0.045070893	18.16756828
621	0.870758111	30.25140612	0.045127996	18.19781659
622	0.869358233	30.2576099	0.045185091	18.22807109
623	0.867962851	30.26382351	0.045242179	18.25833181
624	0.866571946	30.27004685	0.045299258	18.28859874
625	0.865185494	30.27627983	0.04535633	18.31887191
626	0.863803476	30.28252236	0.045413394	18.34915131
627	0.862425869	30.28877435	0.04547045	18.37943695
628	0.861052652	30.2950357	0.045527497	18.40972886
629	0.859683805	30.30130631	0.045584537	18.44002703
630	0.858319307	30.30758611	0.045641569	18.47033147
631	0.856959137	30.31387499	0.045698593	18.5006422
632	0.855603274	30.32017287	0.045755609	18.53095923
633	0.854251698	30.32647965	0.045812617	18.56128255
634	0.852904388	30.33279524	0.045869617	18.59161219
635	0.851561325	30.33911956	0.045926609	18.62194815
636	0.850222489	30.3454525	0.045983593	18.65229043
637	0.848887859	30.35179399	0.046040569	18.68263905
638	0.847557415	30.35814392	0.046097537	18.71299402
639	0.846231139	30.36450221	0.046154497	18.74335534
640	0.84490901	30.37086877	0.046211449	18.77372303
641	0.843591008	30.37724352	0.046268393	18.80409708
642	0.842277116	30.38362635	0.046325329	18.83447752
643	0.840967313	30.39001718	0.046382257	18.86486434
644	0.83966158	30.39641593	0.046439177	18.89525756
645	0.838359899	30.4028225	0.046496088	18.92565717
646	0.83706225	30.40923681	0.046552992	18.9560632
647	0.835768615	30.41565876	0.046609887	18.98647565
648	0.834478975	30.42208828	0.046666774	19.01689452
649	0.833193312	30.42852526	0.046723653	19.04731983
650	0.831911608	30.43496964	0.046780524	19.07775158
651	0.830633843	30.44142131	0.046837387	19.10818977
652	0.82936	30.44788019	0.046894241	19.13863442
653	0.828090061	30.45434619	0.046951087	19.16908553
654	0.826824009	30.46081924	0.047007925	19.19954312
655	0.825561824	30.46729923	0.047064755	19.23000718
656	0.82430349	30.47378609	0.047121577	19.26047772
657	0.823048988	30.48027974	0.04717839	19.29095475
658	0.821798302	30.48678008	0.047235195	19.32143828
659	0.820551414	30.49328703	0.047291991	19.35192831
660	0.819308306	30.49980051	0.047348779	19.38242486
661	0.818068962	30.50632043	0.047405559	19.41292792
662	0.816833364	30.51284671	0.04746233	19.4434375
663	0.815601495	30.51937926	0.047519093	19.47395361
664	0.814373339	30.52591801	0.047575848	19.50447626
665	0.813148879	30.53246286	0.047632594	19.53500545
666	0.811928098	30.53901374	0.047689332	19.56554119
667	0.81071098	30.54557056	0.047746061	19.59608348
668	0.809497507	30.55213325	0.047802782	19.62663233
669	0.808287664	30.55870171	0.047859494	19.65718775
670	0.807081435	30.56527586	0.047916197	19.68774973
671	0.805878802	30.57185564	0.047972892	19.7183183
672	0.804679751	30.57844094	0.048029579	19.74889345
673	0.803484265	30.5850317	0.048086256	19.77947518
674	0.802292329	30.59162784	0.048142926	19.81006351
675	0.801103926	30.59822926	0.048199586	19.84065844
676	0.79991904	30.6048359	0.048256238	19.87125997
677	0.798737657	30.61144767	0.048312881	19.90186811
678	0.79755976	30.6180645	0.048369515	19.93248287
679	0.796385335	30.6246863	0.048426141	19.96310425
680	0.795214366	30.631313	0.048482757	19.99373224
681	0.794046837	30.63794451	0.048539365	20.02436687
682	0.792882733	30.64458077	0.048595964	20.05500814
683	0.791722041	30.65122169	0.048652555	20.08565604
684	0.790564743	30.65786719	0.048709136	20.11631058
685	0.789410826	30.6645172	0.048765708	20.14697177
686	0.788260275	30.67117164	0.048822272	20.17763962
687	0.787113075	30.67783044	0.048878826	20.20831412
688	0.785969212	30.68449351	0.048935372	20.23899528
689	0.78482867	30.69116079	0.048991908	20.26968311
690	0.783691436	30.69783219	0.049048436	20.3003776
691	0.782557495	30.70450764	0.049104954	20.33107877
692	0.781426832	30.71118707	0.049161463	20.36178662
693	0.780299434	30.71787041	0.049217963	20.39250115
694	0.779175287	30.72455757	0.049274454	20.42322236
695	0.778054376	30.73124848	0.049330936	20.45395026
696	0.776936687	30.73794308	0.049387409	20.48468486
697	0.775822207	30.74464128	0.049443872	20.51542615
698	0.774710921	30.75134301	0.049500326	20.54617414
699	0.773602817	30.75804821	0.049556771	20.57692884
700	0.77249788	30.7647568	0.049613206	20.60769024

