Temperature[K]	den	cp	lambda	h
400	0.885619523	37.51679912	0.027552152	49.08336504
401	0.883218252	37.4612861	0.027622179	49.1208539
402	0.880832474	37.40785688	0.027692611	49.1582883
403	0.878461976	37.3563846	0.027763444	49.19567027
404	0.876106549	37.30675563	0.027834672	49.23300169
405	0.873765995	37.25886783	0.027906292	49.27028436
406	0.871440119	37.21262909	0.027978299	49.30751997
407	0.869128731	37.16795605	0.028050688	49.34471014
408	0.866831648	37.124773	0.028123456	49.38185638
409	0.864548691	37.08301092	0.028196598	49.41896016
410	0.862279685	37.04260669	0.028270109	49.45602286
411	0.86002446	37.00350237	0.028343987	49.4930458
412	0.85778285	36.96564457	0.028418227	49.53003028
413	0.855554694	36.92898397	0.028492825	49.56697749
414	0.853339832	36.89347482	0.028567778	49.60388863
415	0.851138111	36.85907455	0.028643081	49.64076481
416	0.848949378	36.82574345	0.028718731	49.67760713
417	0.846773486	36.79344433	0.028794725	49.71441664
418	0.844610289	36.7621423	0.028871058	49.75119435
419	0.842459646	36.73180452	0.028947728	49.78794125
420	0.840321418	36.70239998	0.029024732	49.82465827
421	0.838195468	36.67389938	0.029102065	49.86134635
422	0.836081663	36.64627492	0.029179725	49.89800637
423	0.833979871	36.6195002	0.029257708	49.93463918
424	0.831889965	36.5935501	0.029336011	49.97124564
425	0.829811819	36.56840065	0.029414631	50.00782655
426	0.827745308	36.54402896	0.029493566	50.0443827
427	0.825690312	36.52041312	0.029572811	50.08091486
428	0.82364671	36.49753217	0.029652365	50.11742377
429	0.821614388	36.47536596	0.029732224	50.15391016
430	0.819593228	36.45389518	0.029812385	50.19037474
431	0.817583119	36.43310121	0.029892846	50.22681818
432	0.81558395	36.41296618	0.029973604	50.26324116
433	0.813595611	36.39347283	0.030054656	50.29964432
434	0.811617996	36.37460454	0.030136	50.33602831
435	0.809650999	36.35634526	0.030217632	50.37239374
436	0.807694517	36.33867949	0.030299551	50.4087412
437	0.805748448	36.32159225	0.030381754	50.44507129
438	0.803812692	36.30506905	0.030464238	50.48138457
439	0.80188715	36.28909587	0.030547002	50.51768161
440	0.799971726	36.27365914	0.030630041	50.55396294
441	0.798066324	36.25874573	0.030713355	50.5902291
442	0.79617085	36.24434288	0.030796941	50.6264806
443	0.794285212	36.23043825	0.030880797	50.66271795
444	0.792409319	36.21701987	0.03096492	50.69894164
445	0.790543082	36.20407612	0.031049307	50.73515215
446	0.788686412	36.19159573	0.031133958	50.77134995
447	0.786839223	36.17956774	0.03121887	50.80753549
448	0.785001429	36.16798154	0.03130404	50.84370923
449	0.783172946	36.1568268	0.031389467	50.8798716
450	0.781353692	36.1460935	0.031475148	50.91602303
451	0.779543584	36.13577188	0.031561082	50.95216393
452	0.777742541	36.12585249	0.031647266	50.9882947
453	0.775950486	36.1163261	0.031733699	51.02441576
454	0.774167339	36.10718378	0.031820378	51.06052749
455	0.772393023	36.09841681	0.031907302	51.09663025
456	0.770627463	36.09001673	0.031994469	51.13272444
457	0.768870583	36.08197529	0.032081877	51.16881041
458	0.767122309	36.07428447	0.032169524	51.20488851
459	0.76538257	36.06693649	0.032257408	51.24095909
460	0.763651293	36.05992374	0.032345528	51.27702249
461	0.761928406	36.05323883	0.032433882	51.31307905
462	0.760213841	36.04687456	0.032522467	51.34912908
463	0.758507529	36.04082393	0.032611284	51.3851729
464	0.7568094	36.03508012	0.032700328	51.42121083
465	0.755119389	36.02963647	0.0327896	51.45724316
466	0.753437429	36.02448652	0.032879098	51.4932702
467	0.751763455	36.01962395	0.032968819	51.52929223
468	0.750097402	36.01504262	0.033058762	51.56530954
469	0.748439206	36.01073655	0.033148926	51.60132241
470	0.746788805	36.00669989	0.033239309	51.6373311
471	0.745146137	36.00292696	0.03332991	51.67333589
472	0.74351114	35.99941222	0.033420726	51.70933704
473	0.741883754	35.99615027	0.033511758	51.7453348
474	0.740263919	35.99313582	0.033603002	51.78132943
475	0.738651577	35.99036375	0.033694458	51.81732116
476	0.737046669	35.98782906	0.033786125	51.85331023
477	0.735449137	35.98552684	0.033878	51.88929689
478	0.733858925	35.98345234	0.033970083	51.92528136
479	0.732275977	35.98160091	0.034062372	51.96126387
480	0.730700236	35.97996802	0.034154865	51.99724464
481	0.72913165	35.97854925	0.034247562	52.03322388
482	0.727570162	35.97734027	0.034340461	52.06920181
483	0.72601572	35.97633688	0.034433561	52.10517863
484	0.724468271	35.97553497	0.034526861	52.14115455
485	0.722927763	35.97493053	0.034620358	52.17712976
486	0.721394143	35.97451964	0.034714053	52.21310447
487	0.719867362	35.97429849	0.034807943	52.24907887
488	0.718347368	35.97426335	0.034902027	52.28505313
489	0.716834112	35.97441057	0.034996305	52.32102745
490	0.715327545	35.97473659	0.035090776	52.35700201
491	0.713827617	35.97523796	0.035185437	52.39297698
492	0.712334281	35.97591127	0.035280287	52.42895255
493	0.710847488	35.97675323	0.035375326	52.46492886
494	0.709367192	35.97776058	0.035470553	52.50090611
495	0.707893347	35.97893019	0.035565966	52.53688444
496	0.706425905	35.98025896	0.035661564	52.57286402
497	0.704964823	35.98174387	0.035757347	52.60884501
498	0.703510053	35.98338199	0.035853312	52.64482756
499	0.702061552	35.98517044	0.035949459	52.68081182
500	0.700619276	35.9871064	0.036045787	52.71679795
501	0.699183182	35.98918713	0.036142295	52.75278608
502	0.697753225	35.99140995	0.036238982	52.78877637
503	0.696329363	35.99377223	0.036335846	52.82476895
504	0.694911555	35.99627141	0.036432887	52.86076396
505	0.693499758	35.99890498	0.036530104	52.89676154
506	0.69209393	36.00167049	0.036627496	52.93276181
507	0.690694031	36.00456554	0.036725061	52.96876492
508	0.689300021	36.00758779	0.036822799	53.00477099
509	0.687911859	36.01073496	0.036920709	53.04078014
510	0.686529506	36.01400479	0.03701879	53.0767925
511	0.685152922	36.0173951	0.03711704	53.11280819
512	0.683782068	36.02090376	0.03721546	53.14882733
513	0.682416906	36.02452865	0.037314048	53.18485004
514	0.681057398	36.02826774	0.037412802	53.22087642
515	0.679703507	36.03211901	0.037511723	53.25690661
516	0.678355194	36.03608052	0.03761081	53.2929407
517	0.677012423	36.04015033	0.037710061	53.32897881
518	0.675675157	36.04432657	0.037809475	53.36502103
519	0.67434336	36.04860741	0.037909052	53.40106749
520	0.673016996	36.05299104	0.038008791	53.43711828
521	0.67169603	36.05747571	0.038108691	53.47317351
522	0.670380426	36.06205969	0.038208751	53.50923327
523	0.66907015	36.06674131	0.038308971	53.54529766
524	0.667765167	36.0715189	0.038409349	53.58136678
525	0.666465442	36.07639086	0.038509885	53.61744073
526	0.665170943	36.08135561	0.038610578	53.6535196
527	0.663881635	36.08641159	0.038711426	53.68960347
528	0.662597485	36.09155729	0.038812431	53.72569245
529	0.661318461	36.09679124	0.038913589	53.76178662
530	0.66004453	36.10211197	0.039014902	53.79788606
531	0.658775659	36.10751807	0.039116367	53.83399087
532	0.657511816	36.11300814	0.039217985	53.87010112
533	0.65625297	36.11858082	0.039319754	53.90621691
534	0.65499909	36.12423477	0.039421674	53.94233831
535	0.653750144	36.12996868	0.039523744	53.97846541
536	0.652506101	36.13578127	0.039625963	54.01459828
537	0.651266931	36.14167128	0.039728331	54.050737
538	0.650032605	36.14763749	0.039830846	54.08688164
539	0.64880309	36.15367869	0.039933509	54.1230323
540	0.647578359	36.1597937	0.040036318	54.15918903
541	0.646358381	36.16598136	0.040139273	54.19535191
542	0.645143128	36.17224053	0.040242373	54.23152101
543	0.64393257	36.17857011	0.040345617	54.26769641
544	0.642726679	36.18496901	0.040449005	54.30387818
545	0.641525427	36.19143615	0.040552536	54.34006637
546	0.640328784	36.1979705	0.040656209	54.37626107
547	0.639136724	36.20457102	0.040760024	54.41246234
548	0.637949219	36.21123672	0.04086398	54.44867023
549	0.63676624	36.2179666	0.040968076	54.48488483
550	0.635587762	36.2247597	0.041072312	54.52110619
551	0.634413757	36.23161507	0.041176687	54.55733437
552	0.633244198	36.23853179	0.041281201	54.59356944
553	0.632079059	36.24550894	0.041385852	54.62981146
554	0.630918314	36.25254564	0.041490641	54.66606048
555	0.629761937	36.25964099	0.041595566	54.70231657
556	0.628609901	36.26679416	0.041700627	54.73857978
557	0.627462181	36.27400429	0.041805824	54.77485017
558	0.626318753	36.28127055	0.041911155	54.81112781
559	0.62517959	36.28859215	0.042016621	54.84741273
560	0.624044667	36.29596828	0.04212222	54.88370501
561	0.622913961	36.30339816	0.042227952	54.92000469
562	0.621787446	36.31088103	0.042333817	54.95631182
563	0.620665098	36.31841614	0.042439813	54.99262647
564	0.619546894	36.32600275	0.042545941	55.02894867
565	0.618432808	36.33364014	0.0426522	55.06527849
566	0.617322818	36.3413276	0.042758589	55.10161597
567	0.6162169	36.34906444	0.042865107	55.13796116
568	0.61511503	36.35684997	0.042971755	55.17431411
569	0.614017185	36.36468353	0.043078531	55.21067488
570	0.612923343	36.37256445	0.043185435	55.2470435
571	0.611833481	36.3804921	0.043292467	55.28342002
572	0.610747575	36.38846583	0.043399625	55.3198045
573	0.609665604	36.39648503	0.04350691	55.35619697
574	0.608587546	36.40454909	0.043614321	55.39259748
575	0.607513378	36.4126574	0.043721858	55.42900608
576	0.606443078	36.42080938	0.043829519	55.46542281
577	0.605376626	36.42900446	0.043937304	55.50184771
578	0.604313998	36.43724206	0.044045214	55.53828083
579	0.603255175	36.44552164	0.044153246	55.57472221
580	0.602200134	36.45384263	0.044261402	55.61117189
581	0.601148855	36.46220451	0.04436968	55.64762991
582	0.600101317	36.47060675	0.04447808	55.68409631
583	0.599057499	36.47904883	0.044586601	55.72057114
584	0.59801738	36.48753025	0.044695243	55.75705442
585	0.596980941	36.4960505	0.044804005	55.79354621
586	0.595948162	36.5046091	0.044912888	55.83004654
587	0.594919021	36.51320556	0.04502189	55.86655544
588	0.593893499	36.52183941	0.045131011	55.90307296
589	0.592871577	36.53051018	0.04524025	55.93959913
590	0.591853234	36.53921742	0.045349608	55.97613399
591	0.590838452	36.54796068	0.045459083	56.01267758
592	0.589827211	36.55673952	0.045568676	56.04922993
593	0.588819492	36.56555351	0.045678385	56.08579107
594	0.587815276	36.57440222	0.045788211	56.12236105
595	0.586814544	36.58328523	0.045898152	56.15893989
596	0.585817278	36.59220213	0.046008209	56.19552763
597	0.584823458	36.60115253	0.046118381	56.2321243
598	0.583833067	36.61013601	0.046228667	56.26872994
599	0.582846085	36.61915219	0.046339067	56.30534459
600	0.581862496	36.62820069	0.046449582	56.34196826
601	0.580882281	36.63728114	0.046560209	56.378601
602	0.579905421	36.64639315	0.046670949	56.41524283
603	0.5789319	36.65553637	0.046781802	56.45189379
604	0.5779617	36.66471044	0.046892767	56.48855391
605	0.576994803	36.67391501	0.047003843	56.52522322
606	0.576031191	36.68314973	0.047115031	56.56190175
607	0.575070849	36.69241426	0.04722633	56.59858953
608	0.574113757	36.70170826	0.047337739	56.63528659
609	0.573159901	36.71103141	0.047449258	56.67199296
610	0.572209261	36.72038339	0.047560886	56.70870867
611	0.571261823	36.72976387	0.047672624	56.74543374
612	0.570317569	36.73917254	0.047784471	56.7821682
613	0.569376483	36.7486091	0.047896426	56.81891209
614	0.568438548	36.75807324	0.048008489	56.85566543
615	0.567503748	36.76756467	0.04812066	56.89242825
616	0.566572068	36.77708309	0.048232939	56.92920057
617	0.56564349	36.78662821	0.048345324	56.96598242
618	0.564718	36.79619975	0.048457816	57.00277383
619	0.56379558	36.80579744	0.048570414	57.03957483
620	0.562876217	36.81542099	0.048683118	57.07638544
621	0.561959893	36.82507014	0.048795928	57.11320568
622	0.561046594	36.83474462	0.048908842	57.15003559
623	0.560136304	36.84444417	0.049021862	57.18687518
624	0.559229008	36.85416853	0.049134986	57.22372448
625	0.558324691	36.86391745	0.049248214	57.26058352
626	0.557423338	36.87369069	0.049361546	57.29745233
627	0.556524934	36.88348799	0.049474981	57.33433091
628	0.555629463	36.89330912	0.049588519	57.37121931
629	0.554736912	36.90315383	0.04970216	57.40811754
630	0.553847266	36.91302189	0.049815903	57.44502562
631	0.55296051	36.92291308	0.049929748	57.48194359
632	0.55207663	36.93282716	0.050043695	57.51887146
633	0.551195611	36.94276392	0.050157744	57.55580925
634	0.550317439	36.95272313	0.050271893	57.59275699
635	0.549442101	36.96270458	0.050386143	57.62971471
636	0.548569582	36.97270805	0.050500494	57.66668241
637	0.547699868	36.98273333	0.050614944	57.70366013
638	0.546832945	36.99278023	0.050729495	57.74064788
639	0.5459688	37.00284852	0.050844144	57.7776457
640	0.545107419	37.01293802	0.050958893	57.81465359
641	0.544248788	37.02304853	0.051073741	57.85167158
642	0.543392895	37.03317984	0.051188687	57.88869969
643	0.542539724	37.04333178	0.051303731	57.92573795
644	0.541689265	37.05350414	0.051418874	57.96278636
645	0.540841502	37.06369676	0.051534113	57.99984496
646	0.539996424	37.07390943	0.05164945	58.03691376
647	0.539154016	37.08414199	0.051764885	58.07399279
648	0.538314267	37.09439424	0.051880415	58.11108205
649	0.537477163	37.10466603	0.051996042	58.14818158
650	0.536642691	37.11495717	0.052111766	58.18529139
651	0.535810839	37.1252675	0.052227584	58.2224115
652	0.534981595	37.13559684	0.052343499	58.25954193
653	0.534154945	37.14594504	0.052459509	58.2966827
654	0.533330878	37.15631192	0.052575613	58.33383383
655	0.532509381	37.16669733	0.052691813	58.37099533
656	0.531690441	37.17710111	0.052808106	58.40816723
657	0.530874047	37.1875231	0.052924494	58.44534954
658	0.530060187	37.19796315	0.053040976	58.48254228
659	0.529248848	37.20842111	0.053157551	58.51974547
660	0.528440018	37.21889682	0.053274219	58.55695913
661	0.527633686	37.22939015	0.05339098	58.59418327
662	0.52682984	37.23990093	0.053507834	58.63141792
663	0.526028469	37.25042904	0.053624781	58.66866308
664	0.525229559	37.26097432	0.05374182	58.70591878
665	0.524433101	37.27153664	0.05385895	58.74318503
666	0.523639083	37.28211586	0.053976173	58.78046186
667	0.522847492	37.29271184	0.054093486	58.81774927
668	0.522058318	37.30332445	0.054210891	58.85504729
669	0.52127155	37.31395356	0.054328387	58.89235593
670	0.520487176	37.32459903	0.054445973	58.9296752
671	0.519705185	37.33526074	0.05456365	58.96700513
672	0.518925567	37.34593856	0.054681417	59.00434573
673	0.518148309	37.35663236	0.054799273	59.04169701
674	0.517373402	37.36734202	0.05491722	59.079059
675	0.516600834	37.37806742	0.055035255	59.1164317
676	0.515830595	37.38880843	0.05515338	59.15381514
677	0.515062674	37.39956494	0.055271594	59.19120932
678	0.51429706	37.41033682	0.055389896	59.22861427
679	0.513533743	37.42112397	0.055508287	59.26603
680	0.512772712	37.43192626	0.055626766	59.30345653
681	0.512013957	37.44274358	0.055745332	59.34089386
682	0.511257468	37.45357583	0.055863987	59.37834202
683	0.510503233	37.46442288	0.055982729	59.41580102
684	0.509751244	37.47528463	0.056101558	59.45327087
685	0.509001489	37.48616098	0.056220474	59.49075159
686	0.508253959	37.49705181	0.056339477	59.5282432
687	0.507508643	37.50795702	0.056458566	59.5657457
688	0.506765532	37.51887651	0.056577742	59.60325911
689	0.506024615	37.52981016	0.056697004	59.64078346
690	0.505285884	37.54075789	0.056816351	59.67831874
691	0.504549327	37.55171959	0.056935784	59.71586498
692	0.503814935	37.56269515	0.057055303	59.75342218
693	0.503082699	37.57368449	0.057174907	59.79099037
694	0.502352609	37.5846875	0.057294595	59.82856956
695	0.501624655	37.59570409	0.057414369	59.86615975
696	0.500898828	37.60673416	0.057534227	59.90376097
697	0.500175118	37.61777762	0.057654169	59.94137322
698	0.499453516	37.62883438	0.057774195	59.97899653
699	0.498734013	37.63990434	0.057894305	60.0166309
700	0.498016599	37.65098741	0.058014499	60.05427634

